node-id	A	C	D	E	F	G	H	I	K	L	M	N	P	Q	R	S	T	V	W	Y	
0	0	0	0	0	0	0	0	0	0	0	0	0	0	0	0	0	0	0	0	0
1	0.07	0	0	0.01	0.02	0.02	0	0.31	0.03	0.8	98.39	0	0	0.03	0.01	0.02	0.07	0.21	0	0
2	1.01	0	0.05	0.08	0	0.05	0.03	0	0.08	0.02	0	0.06	94.34	0.08	0.07	3.64	0.46	0.02	0	0.01
3	13.31	0.02	4.41	36.12	0.01	0.92	0.27	0.06	23.15	0.07	0.09	2.85	0.76	6.12	1.9	6.16	3.4	0.36	0	0.03
4	0.07	0	0	0	0.04	0	0	58.51	0	1.98	1.91	0	0	0	0	0.01	0.11	37.35	0	0
5	12.83	0.15	0.4	2.11	0.23	0.4	1.7	0.92	7.54	13.42	2.09	1.03	1.38	18.13	24.4	7.35	3.43	2.2	0.09	0.19
6	1.19	0	3.63	60.94	0	0.12	0.12	0.02	23.47	0.02	0.03	1.31	0.13	5.82	0.79	0.76	1.54	0.09	0	0.01
7	0.03	0	0	0.01	0.04	0	0	90.3	0.02	1.81	0.75	0.01	0	0.01	0.01	0.01	0.16	6.84	0	0.01
8	6.26	0.11	0.95	3.66	0.25	0.42	6.44	3.39	32.98	1.71	1.2	7.25	0.75	6.24	6.67	6.06	8.52	6.49	0.04	0.6
9	5.2	0.11	1.78	0.98	0.07	0.28	0.17	0.43	0.83	0.56	0.31	3.42	0.55	0.49	0.29	43.96	39.75	0.7	0.01	0.09
10	0.3	0	30.84	5.78	0.01	0.2	19.76	0.01	4.87	0.02	0.01	32.35	0.09	3.23	0.88	1.09	0.37	0.01	0	0.18
11	27.94	0.02	6.41	28.56	0.02	0.79	3.75	0.04	3.37	0.14	0.08	2.11	10.59	7.42	0.98	5.03	2.13	0.46	0.01	0.14
12	0.63	0	0.5	11.7	0	0.04	0.34	0	1.87	0.03	0.03	0.23	0.09	83.63	0.46	0.25	0.16	0.02	0	0
13	0.02	0.02	0	0	12.76	0	0.32	0.14	0.01	2.68	0.11	0.02	0.01	0.02	0.04	0.06	0.01	0.11	11.2	72.46
14	0.2	0	0.6	1.88	0	0.12	0.42	0	12.8	0.02	0.01	0.59	0.07	2.58	80.15	0.4	0.12	0.01	0.01	0.01
15	0.88	0.01	1.4	6.31	0.02	0.11	22.73	0.04	21.14	0.12	0.11	4.67	0.31	32.04	5.12	1.75	3.01	0.08	0	0.15
16	19.48	0.14	0.05	0.23	0.5	0.1	0.06	3.27	0.25	59.33	3.54	0.07	0.45	0.45	0.19	1.33	1.17	9.29	0.02	0.07
17	0.06	0.01	0	0	0.24	0	0	34.9	0.01	43.12	2.36	0	0	0.01	0.01	0.01	0.08	19.17	0	0.01
18	1.5	0	8.89	16.16	0	3.59	0.35	0.01	50.59	0.02	0.03	10.37	0.12	3.31	2.36	1.84	0.79	0.05	0	0.01
19	1.01	0.06	0.13	0.76	0.16	0.16	1.02	0.72	18.7	10.76	1.46	0.54	0.44	5.36	55.45	1.19	0.92	0.86	0.15	0.14
20	2.27	0.07	0.95	0.32	0.02	0.71	0.19	0.03	0.59	0.03	0.02	7.9	0.29	0.25	0.27	82.2	3.75	0.04	0.01	0.09
21	0.01	0	0	0	21.83	0	0.19	0.03	0	0.08	0.01	0.02	0	0	0	0.06	0.02	0.02	0.08	77.63
22	4.18	0.12	10.06	4.14	0.14	1.54	0.88	0.26	9.61	0.27	0.15	24.22	0.45	1.85	2.8	32.09	4.54	0.94	1.04	0.7
23	0.43	0.01	0.1	1.14	0	0.07	0.8	0.02	17.31	0.08	0.08	0.53	0.15	18.77	58.31	0.91	1.23	0.04	0.01	0.01
24	0.09	0	0.02	0.02	0	0	0.01	0	0.02	0	0	0.02	99.59	0.02	0.01	0.16	0.04	0	0	0
25	0.63	0.04	0.01	0.05	0.1	0.01	0.04	7.31	0.04	1.28	0.35	0.02	0.02	0.04	0.02	0.05	0.34	89.62	0	0.04
26	0.14	0.01	0	0.01	0.06	0	0	16.41	0	4.16	0.55	0	0	0	0	0.01	0.09	78.53	0	0
27	0.03	0	0	0	0.3	0	0	19.48	0.01	65.93	10.91	0	0	0.01	0.01	0.01	0.06	3.22	0	0.01
28	0.19	0.03	0	0.02	3.22	0	0.05	8.47	0.04	49.6	30.56	0.01	0.01	0.09	0.04	0.07	0.2	6.73	0.06	0.59
29	0.18	0.02	0	0.01	0.29	0	0	7.6	0	1.13	0.23	0	0	0	0	0.01	0.08	90.43	0	0.02
30	4.95	0.01	23.95	42.23	0	3.5	0.19	0.04	2.5	0.03	0.04	4.97	0.29	2.16	0.26	4.9	9.7	0.24	0	0.02
31	2.58	0.11	0.21	0.4	4.41	0.1	0.68	6.05	1.36	6.26	33.01	1.85	0.17	0.87	0.41	5.33	30.35	4.14	0.07	1.65
32	0.83	0	60.6	27.82	0	0.17	0.09	0.01	0.59	0.01	0.01	3.21	0.08	0.62	0.04	1.42	4.46	0.04	0	0.01
33	2.42	0.01	0.31	0.2	0	94.92	0.13	0	0.11	0	0	0.46	0.04	0.09	0.13	1.04	0.09	0.02	0	0.01
34	0	100	0	0	0	0	0	0	0	0	0	0	0	0	0	0	0	0	0	0
35	6.17	0.31	0.69	0.82	5.91	2.28	2.22	15.18	0.96	5.63	1.85	3.56	4.09	0.7	1.01	8.24	5.04	10.65	0.58	24.11
36	15.11	0.01	0.06	0.18	0	0.09	0.02	0.01	0.1	0.03	0.01	0.03	82.11	0.1	0.05	1.54	0.45	0.1	0	0
37	0	100	0	0	0	0	0	0	0	0	0	0	0	0	0	0	0	0	0	0
38	3.83	20.49	0.45	0.88	1.8	0.43	4.66	0.44	10.37	1.06	0.54	5.01	0.3	1.74	9.94	9.63	2.86	1.4	0.9	23.28
39	0	0	0	0	69.03	0	0.03	0.01	0	0.08	0.01	0	0	0	0	0.01	0	0.01	1.55	29.27
40	93.16	0.1	0.07	0.24	0.18	0.28	0.03	0.11	0.12	0.2	0.11	0.08	0.27	0.09	0.05	2.6	0.94	1.3	0	0.07
41	0.19	0	2.45	78.48	0	0.03	0.08	0	1.18	0.01	0.01	0.17	0.03	17.12	0.1	0.08	0.06	0.01	0	0
42	4.2	0.02	1.51	0.87	0.01	0.31	0.16	0.01	1.31	0.04	0.01	1.41	32.04	0.51	0.45	54.37	2.66	0.05	0	0.03
43	0.73	0.01	0.02	0.06	0	0.01	0.01	0.36	0.32	0.04	0.08	0.16	0.03	0.04	0.03	1.31	96.07	0.72	0	0
44	0.02	0.01	0	0	58.3	0	0.01	28.83	0	6.88	0.91	0.01	0	0	0	0.03	0.06	3.81	0.03	1.1
45	0.36	0	0.06	0.7	0	0.03	0.09	0.07	86.49	0.06	0.09	0.44	0.05	1.39	9.31	0.25	0.44	0.18	0	0
46	5.12	0.05	1.4	1.06	0.01	6.54	0.08	0.01	0.53	0.02	0.01	2.77	0.34	0.37	0.29	78.85	2.47	0.04	0.01	0.03
47	0.45	0.06	0.01	0.07	5.18	0.02	0.22	53.68	0.68	16.66	4.34	0.16	0.06	0.25	2.32	0.48	1.06	13.09	0.2	1.01
48	79.59	0.08	0.15	0.28	0	0.62	0.01	0.02	0.17	0.02	0.02	0.22	0.4	0.1	0.07	15.9	2.08	0.26	0	0.01
49	71.89	0.05	1.36	14.64	0.03	0.41	0.08	0.23	1.01	0.84	0.32	0.28	0.54	1.79	0.22	2.49	1.55	2.23	0	0.02
50	0.4	0	0.51	9.39	0	0.1	0.28	0.01	54.34	0.02	0.03	0.64	0.1	6.64	26.83	0.41	0.28	0.03	0	0.01
51	0.06	0.02	0.01	0	81.87	0	0.14	0.08	0.01	0.38	0.05	0.05	0.01	0.01	0.01	0.85	0.06	0.06	0.14	16.19
52	0.05	0	0	0.01	0	0	0	0	0.03	0	0	0	99.79	0.02	0.02	0.05	0.02	0	0	0
53	0.17	0	77.73	9.84	0	0.29	4.13	0	0.35	0	0	5.79	0.04	1.13	0.07	0.31	0.07	0.01	0	0.06
54	16.11	0.14	0.11	0.45	0.31	0.12	0.33	19.37	0.42	3.45	1.57	0.36	0.22	0.35	0.2	1.3	3.35	51.61	0.01	0.22
55	0.36	0.05	0.06	0.04	2.32	0.02	1.01	0.11	0.04	0.11	0.05	0.41	0.04	0.04	0.06	1	0.61	0.15	0.12	93.4
56	1.91	5.07	0.06	0.06	22.05	0.07	0.89	0.26	0.07	0.86	0.17	0.42	0.63	0.08	0.14	5.92	0.61	0.64	0.58	59.52
57	68.55	0.09	0.04	0.24	0.03	0.14	0.01	2.37	0.12	0.58	0.38	0.06	0.15	0.07	0.04	1.08	1.73	24.29	0	0.01
58	1.35	0.03	0.28	1.6	0.56	0.08	1.19	7.43	61.15	2.14	1.79	3.73	0.17	2.67	5.8	1.62	3.81	3.15	0.07	1.37
59	0.04	0	0	0	0.15	0	0	63.64	0.01	18.99	4.46	0	0	0.01	0	0.01	0.09	12.59	0	0.01
60	2.94	0.04	20.09	6.65	0.34	0.54	1.55	2.95	3.9	7.51	19.07	17.9	0.24	3.97	0.72	4.3	4.3	2.42	0.03	0.51
61	9.99	0.05	7.6	10.6	0.02	23.12	0.37	0.26	23.04	0.2	0.24	7.89	0.41	2.85	3.05	5.73	2.8	1.71	0.02	0.05
62	0.2	0	84.6	12.28	0	0.08	0.04	0	0.17	0	0	1.87	0.06	0.21	0.01	0.29	0.17	0.01	0	0
63	0.36	0.03	0.01	0.03	0.41	0.01	0.01	43.44	0.09	30.31	2.53	0.03	0.03	0.06	0.04	0.16	1.21	21.18	0.01	0.04
64	0.01	0	0	0	95.2	0	0.02	0.21	0	3.09	0.13	0	0	0	0	0.01	0.01	0.11	0.05	1.17
65	2.98	0.08	0.33	0.36	0.44	0.14	1.17	0.18	0.45	0.26	0.11	1.45	60.89	0.4	0.4	13.52	11.86	0.37	0.05	4.57
66	0.54	0	46.29	18.97	0	1.07	0.34	0	11.4	0.01	0.01	17.54	0.06	1.94	0.46	0.99	0.35	0.02	0	0.01
67	7.35	0.13	9.27	15.62	0.07	0.87	0.57	3.75	4.05	0.62	0.34	20.67	0.33	2.47	0.46	8.92	7.85	16.46	0.01	0.17
68	63.81	0.1	0.09	0.45	0.02	0.23	0.02	1.16	0.2	0.45	0.2	0.08	2.94	0.14	0.08	1.72	2.14	26.15	0	0.01
69	0.87	0	39.97	28.44	0	0.4	0.8	0.01	8.19	0.02	0.01	11.4	0.13	4.38	1.81	2.83	0.68	0.03	0	0.03
70	0.17	0	2.7	1.95	0.01	0.07	71.95	0.01	7.94	0.02	0.01	7.77	0.08	4.57	1.81	0.46	0.21	0.01	0	0.24
71	0.16	0.03	0.02	0.02	48.71	0.01	0.68	0.8	0.03	16.16	0.56	0.06	0.45	0.08	0.07	0.31	0.12	0.6	0.35	30.77
72	0.39	0	0.8	3.12	0	0.17	0.67	0.01	57.79	0.02	0.03	3.81	0.09	4.37	27.28	0.93	0.48	0.03	0	0.01
73	0.13	0.02	0	0.01	6.64	0	0.01	52.73	0.01	6.79	1.24	0.01	0.01	0.01	0.01	0.05	0.18	31.93	0.02	0.23
74	1.61	0	1.48	18.91	0	0.12	0.16	0.04	56.8	0.03	0.06	1.96	0.18	4.96	2.02	1.71	9.8	0.15	0	0.01
75	0.63	0.06	0.12	0.06	1.94	0.29	1.17	0.04	0.04	0.08	0.03	0.48	0.04	0.05	0.08	0.98	0.14	0.1	0.23	93.44
76	0.13	0.04	0.01	0.02	57.17	0	0.3	3.01	0.02	2.36	0.48	0.1	0.02	0.02	0.03	0.42	0.45	1.35	0.19	33.87
77	0.01	0	0	0	0	0	0	0	0	0	0	0	99.97	0	0	0.01	0	0	0	0
78	82.68	0.04	0.21	1.18	0	0.27	0.01	0.05	0.28	0.03	0.04	0.17	0.26	0.18	0.05	3.71	10.27	0.57	0	0
79	0.01	0	0	0	81.12	0	0.03	0.1	0	0.3	0.03	0	0	0	0	0.01	0	0.09	0.06	18.23
80	0.02	0	0	0	0.18	0	0	2.02	0	95.29	0.9	0	0	0.01	0	0	0.01	1.54	0	0
81	0.01	0	0	0	2.09	0	0.01	1.22	0	91.41	4.69	0	0	0.01	0.01	0.01	0.01	0.47	0.01	0.04
82	0.03	0.01	0	0	63.02	0	0.06	4.01	0.01	25.71	0.94	0.01	0.01	0.01	0.01	0.04	0.04	1.29	0.12	4.7
83	2.84	0.02	0.14	1.15	0.01	0.2	0.29	0.13	45.15	0.15	0.16	0.88	0.22	2.86	40.21	1.81	3.25	0.52	0.01	0.02
84	0.67	0	9.25	23.14	0	0.25	0.57	0.02	36.75	0.01	0.02	20.67	0.08	5.3	1.07	1.31	0.82	0.04	0	0.02
85	0.03	0	0.01	0	0	99.92	0	0	0	0	0	0.01	0	0	0	0.02	0	0	0	0
86	0.23	0	0.38	8.29	0	0.03	0.07	0.01	84.14	0.02	0.17	0.55	0.03	3.39	2.23	0.17	0.24	0.02	0	0
87	0.18	0.02	0.02	0.11	18.69	0.01	0.12	2.29	0.06	73.35	2.1	0.03	0.04	0.2	0.05	0.14	0.1	1.74	0.08	0.67
88	0.44	0.01	0.02	0.23	0.33	0.01	0.16	6.77	0.41	76.39	5.62	0.1	0.08	3.33	0.26	0.28	1.46	4.03	0.02	0.05
89	0.26	0	58.65	2.75	0	0.2	1.61	0.01	0.53	0	0	33.42	0.03	0.33	0.05	1.39	0.7	0.01	0	0.04
90	1.79	0.01	0.67	4.52	0.01	0.24	0.85	0.02	38.42	0.09	0.11	3.45	0.4	30.97	7.48	8.76	2.12	0.06	0.01	0.03
91	4.43	0.05	0.03	0.14	0.05	0.03	0.02	4.06	0.26	1.42	1.03	0.22	0.13	0.13	0.07	2.09	77.2	8.59	0	0.02
92	1.58	0.04	0.43	3.7	70.61	0.07	0.43	2.52	1.58	4.72	1.07	0.36	0.15	1.03	0.35	1.01	0.83	5.81	0.15	3.56
93	0.03	0	0.01	0	0	99.92	0	0	0	0	0	0.01	0	0	0	0.02	0	0	0	0
94	0.48	0.02	0.06	0.09	0.13	0.02	0.04	70.74	0.21	2.2	0.97	1.39	0.02	0.06	0.04	0.39	1.87	21.18	0	0.09
95	0.07	0	1.43	0.11	0	0.07	0.26	0.01	0.46	0	0	95.36	0.01	0.08	0.03	1.29	0.79	0	0	0.02
96	9.01	0.01	4.05	25.16	0.01	0.6	0.35	0.03	12.4	0.09	0.06	2.75	19	5.69	1.85	15.32	3.4	0.2	0.01	0.03
97	6.28	0	5.51	83.28	0	0.2	0.04	0.01	1.09	0.01	0.01	0.28	0.13	2.14	0.08	0.52	0.32	0.11	0	0
98	2.48	0	0.19	1.56	0	0.12	0.09	0.04	84.97	0.03	0.07	1.29	0.15	1.63	2.77	1.42	3.06	0.11	0	0
99	0.03	0	0	0	0.26	0	0	19.94	0	70.52	1.71	0	0	0.01	0	0.01	0.04	7.46	0	0.01
100	0.83	0	32.54	45.53	0	0.42	0.55	0.01	6.13	0.02	0.02	2.75	0.17	5.47	4.25	0.96	0.3	0.04	0.01	0.02
101	30.73	0.09	2.29	5.52	0.03	19.89	0.21	0.44	2.85	0.46	2.43	2.53	0.49	2.07	0.98	10.09	16.96	1.88	0.02	0.05
102	0.68	0.05	0.09	0.31	31.63	0.04	6.24	5.42	2.17	26.03	12.47	0.61	0.16	1.58	1.29	1.07	0.96	2.54	0.24	6.43
103	0	0	0	0	98.78	0	0	0.11	0	0.31	0.02	0	0	0	0	0	0	0.04	0.01	0.72
104	31.84	0.05	5.03	10.94	0.01	1.27	0.35	0.06	8.93	0.1	0.09	8.39	0.79	3.05	1.24	22.62	4.82	0.36	0	0.04
105	3.41	0.01	3.64	26.4	0.01	0.48	0.33	0.03	37.17	0.04	0.06	4.4	0.45	6.98	3.3	10.42	2.76	0.1	0.01	0.03
106	6.1	0.14	0.37	0.53	16.77	0.34	46.22	0.31	0.63	2.1	0.47	1.57	0.54	1.62	0.78	3.88	1	0.81	0.12	15.69
107	4	0.09	4.49	17.79	0.17	0.88	1.17	1.97	27.4	2.11	1.07	2.9	0.82	7.97	17.19	2.88	3.31	3.39	0.12	0.28
108	8.93	0.08	18.67	24.1	0.04	18.2	0.49	0.1	3.38	0.15	0.1	5.53	1.03	3.03	0.99	11.58	2.95	0.49	0.04	0.13
109	3.19	3.81	2.03	4.41	2.06	0.73	12.22	0.56	10.9	1.81	0.73	5.1	0.85	13.13	7.99	5.2	2.47	1.11	0.61	21.08
110	5.99	0.19	1.37	3.48	0.68	8.17	0.87	2.46	23.72	23.58	3.03	3.07	0.96	4.36	6.74	4.29	2.99	3.53	0.22	0.3
111	0	0	0	0	0	0	0	0	0	0	0	0	0	0	0	0	0	0	0	0
